octave:1> A=[10 2 -1;-3 -6 2;1 1 5]
A =

   10    2   -1
   -3   -6    2
    1    1    5
octave:2> [L,U]=lu(A)
L =

   1.0000        0        0
  -0.3000   1.0000        0
   0.1000  -0.1481   1.0000

U =

   10.0000    2.0000   -1.0000
         0   -5.4000    1.7000
         0         0    5.3519


octave:4> b=[27;-61.5;-21.5]
b =

   27.000
  -61.500
  -21.500
octave:6> D=inv(L)*b
D =

   27.000
  -53.400
  -32.111

octave:7> x=inv(U)*D
x =

   0.5000
   8.0000
  -6.0000
